## R training: DAY 3 Reproducibility
# 23/01/2025

a <- c(1, 2, 3, 4, 5)
b <- c(2, 4, 6, 8, 10)

c <- 65
